519 267 3565 0.000000
548 255 3565 0.360493
548 254 3565 0.289578
548 253 3565 0.233020
548 252 3565 0.150962
548 251 3565 0.108025
548 250 3565 0.000000
548 249 3565 0.000000
547 255 3565 0.415849
547 254 3565 0.360493
549 250 3565 0.000000
547 253 3565 0.289578
547 251 3565 0.150962
547 250 3565 0.108025
547 249 3565 0.000000
546 255 3565 0.478395
546 254 3565 0.415849
546 253 3565 0.360493
546 252 3565 0.289578
546 251 3565 0.209877
546 250 3565 0.108025
547 252 3565 0.233020
546 249 3565 0.000000
549 251 3565 0.000000
549 253 3565 0.150962
544 263 3565 0.907650
544 262 3565 0.876014
544 261 3565 0.840739
544 260 3565 0.802469
544 259 3565 0.762048
544 258 3565 0.720587
544 257 3565 0.679534
544 256 3565 0.631353
551 255 3565 0.289578
549 252 3565 0.108025
551 254 3565 0.209877
551 252 3565 0.000000
551 251 3565 0.000000
550 255 3565 0.305556
550 254 3565 0.209877
550 253 3565 0.108025
550 252 3565 0.000000
550 251 3565 0.000000
549 255 3565 0.320500
549 254 3565 0.233020
551 253 3565 0.108025
545 256 3565 0.584915
546 248 3565 0.000000
545 254 3565 0.478395
543 289 3565 0.289578
543 288 3565 0.360493
542 295 3565 0.000000
542 294 3565 0.000000
542 293 3565 0.108025
542 292 3565 0.150962
542 291 3565 0.233020
542 290 3565 0.289578
542 289 3565 0.360493
543 290 3565 0.233020
542 288 3565 0.415849
541 294 3565 0.108025
541 293 3565 0.150962
541 292 3565 0.233020
541 291 3565 0.289578
541 290 3565 0.360493
541 289 3565 0.415849
541 288 3565 0.478395
540 295 3565 0.000000
540 294 3565 0.108025
541 295 3565 0.000000
545 255 3565 0.529774
543 291 3565 0.150962
543 293 3565 0.000000
545 253 3565 0.405654
545 252 3565 0.320500
545 251 3565 0.233020
545 250 3565 0.150962
545 249 3565 0.108025
545 248 3565 0.000000
544 255 3565 0.579272
544 254 3565 0.508845
544 253 3565 0.435176
543 292 3565 0.108025
544 252 3565 0.360493
544 250 3565 0.209877
544 249 3565 0.108025
544 248 3565 0.000000
540 296 3565 0.000000
539 296 3565 0.000000
538 296 3565 0.000000
537 296 3565 0.000000
536 296 3565 0.000000
543 294 3565 0.000000
544 251 3565 0.289578
540 293 3565 0.209877
545 257 3565 0.631353
545 259 3565 0.727419
545 271 3565 0.877683
545 270 3565 0.888889
545 269 3565 0.888889
545 268 3565 0.890424
545 267 3565 0.894935
545 266 3565 0.902146
545 265 3565 0.911630
545 264 3565 0.922840
544 271 3565 0.911630
546 264 3565 0.888889
544 270 3565 0.922840
544 268 3565 0.924020
544 267 3565 0.927488
544 266 3565 0.933024
544 265 3565 0.940287
544 264 3565 0.935156
551 263 3565 0.631353
551 262 3565 0.645321
551 261 3565 0.667185
551 260 3565 0.640740
544 269 3565 0.922840
551 259 3565 0.579272
546 265 3565 0.877683
546 267 3565 0.856458
548 271 3565 0.746894
548 270 3565 0.750000
548 269 3565 0.750000
548 268 3565 0.753067
548 267 3565 0.762048
548 266 3565 0.776315
548 265 3565 0.794935
548 264 3565 0.802469
547 271 3565 0.794935
546 266 3565 0.865627
547 270 3565 0.802469
547 268 3565 0.804924
547 267 3565 0.812128
547 266 3565 0.823614
547 265 3565 0.838679
547 264 3565 0.848765
546 271 3565 0.838679
546 270 3565 0.848765
546 269 3565 0.848765
546 268 3565 0.850719
547 269 3565 0.802469
545 258 3565 0.679534
551 258 3565 0.508845
551 256 3565 0.360493
547 263 3565 0.850719
547 262 3565 0.823614
547 261 3565 0.776315
547 260 3565 0.724025
547 259 3565 0.667185
547 258 3565 0.606467
547 257 3565 0.542945
547 256 3565 0.478395
546 263 3565 0.877683
548 256 3565 0.435176
546 262 3565 0.838679
546 260 3565 0.746894
546 259 3565 0.695189
546 258 3565 0.640740
546 257 3565 0.584915
546 256 3565 0.529774
545 263 3565 0.891943
545 262 3565 0.856458
545 261 3565 0.816798
545 260 3565 0.773529
546 261 3565 0.794935
551 257 3565 0.435176
548 257 3565 0.508845
548 259 3565 0.645321
550 263 3565 0.695189
550 262 3565 0.706369
550 261 3565 0.724025
550 260 3565 0.667185
550 259 3565 0.606467
550 258 3565 0.542945
550 257 3565 0.478395
550 256 3565 0.395062
549 263 3565 0.753067
548 258 3565 0.579272
549 262 3565 0.762048
549 260 3565 0.695189
549 259 3565 0.631353
549 258 3565 0.561665
549 257 3565 0.486311
549 256 3565 0.405654
548 263 3565 0.804924
548 262 3565 0.812128
548 261 3565 0.762048
548 260 3565 0.706369
549 261 3565 0.746894
540 292 3565 0.289578
540 291 3565 0.360493
540 290 3565 0.415849
541 272 3565 0.976345
540 279 3565 0.896407
540 278 3565 0.916744
540 277 3565 0.936205
540 276 3565 0.954064
540 275 3565 0.967696
540 274 3565 0.976345
540 273 3565 0.982991
540 272 3565 0.989144
541 273 3565 0.967696
539 279 3565 0.924020
539 277 3565 0.955729
539 276 3565 0.969687
539 275 3565 0.981570
539 274 3565 0.989144
539 273 3565 0.993537
539 272 3565 0.996914
538 279 3565 0.947926
538 278 3565 0.960492
538 277 3565 0.972222
539 278 3565 0.940287
538 276 3565 0.982525
541 274 3565 0.958153
541 276 3565 0.935156
536 280 3565 0.955729
543 279 3565 0.797475
543 278 3565 0.832362
543 277 3565 0.856458
543 276 3565 0.876014
543 275 3565 0.891943
543 274 3565 0.907650
543 273 3565 0.922840
543 272 3565 0.933024
541 275 3565 0.947926
542 279 3565 0.832362
542 277 3565 0.890424
542 276 3565 0.907650
542 275 3565 0.922840
542 274 3565 0.935156
542 273 3565 0.947926
542 272 3565 0.958153
541 279 3565 0.865627
541 278 3565 0.890424
541 277 3565 0.914214
542 278 3565 0.862017
536 281 3565 0.936205
538 275 3565 0.990857
538 273 3565 0.999114
543 264 3565 0.947926
542 271 3565 0.963481
542 270 3565 0.969687
542 269 3565 0.972222
542 268 3565 0.972835
542 267 3565 0.974626
542 266 3565 0.977451
542 265 3565 0.963481
542 264 3565 0.940287
543 265 3565 0.963481
541 271 3565 0.981081
541 269 3565 0.987654
541 268 3565 0.988037
541 267 3565 0.989144
541 266 3565 0.976345
541 265 3565 0.958153
541 264 3565 0.933024
540 271 3565 0.992985
540 270 3565 0.995278
540 269 3565 0.996914
541 270 3565 0.985216
538 274 3565 0.996729
543 266 3565 0.958153
543 268 3565 0.951494
538 272 3565 0.999962
537 279 3565 0.960492
537 278 3565 0.976902
537 277 3565 0.985216
537 276 3565 0.992111
537 275 3565 0.997092
537 274 3565 0.999707
537 273 3565 1.000000
537 272 3565 0.999707
543 267 3565 0.954064
536 279 3565 0.972222
536 277 3565 0.994319
536 276 3565 0.996914
536 275 3565 0.996914
536 274 3565 0.996914
536 273 3565 0.996914
536 272 3565 0.996729
543 271 3565 0.940287
543 270 3565 0.948833
543 269 3565 0.950617
536 278 3565 0.985216
536 282 3565 0.914214
536 283 3565 0.890424
536 284 3565 0.850719
537 289 3565 0.579272
537 288 3565 0.645321
536 295 3565 0.108025
536 294 3565 0.150962
536 293 3565 0.233020
536 292 3565 0.320500
536 291 3565 0.405654
536 290 3565 0.486311
536 289 3565 0.561665
537 290 3565 0.508845
536 288 3565 0.631353
543 286 3565 0.508845
543 285 3565 0.579272
543 284 3565 0.631353
543 283 3565 0.667185
543 282 3565 0.695189
543 281 3565 0.727419
543 280 3565 0.762048
542 287 3565 0.478395
542 286 3565 0.542945
543 287 3565 0.435176
542 285 3565 0.606467
537 291 3565 0.435176
537 293 3565 0.289578
540 289 3565 0.478395
540 288 3565 0.529774
539 295 3565 0.108025
539 294 3565 0.150962
539 293 3565 0.233020
539 292 3565 0.320500
539 291 3565 0.405654
539 290 3565 0.478395
539 289 3565 0.529774
537 292 3565 0.360493
539 288 3565 0.584915
538 294 3565 0.209877
538 293 3565 0.289578
538 292 3565 0.360493
538 291 3565 0.435176
538 290 3565 0.508845
538 289 3565 0.579272
538 288 3565 0.631353
537 295 3565 0.108025
537 294 3565 0.209877
538 295 3565 0.108025
542 284 3565 0.667185
542 283 3565 0.720587
542 282 3565 0.746894
539 280 3565 0.907650
538 287 3565 0.679534
538 286 3565 0.720587
538 285 3565 0.762048
538 284 3565 0.797475
538 283 3565 0.832362
538 282 3565 0.865627
538 281 3565 0.896407
538 280 3565 0.924020
539 281 3565 0.876014
537 287 3565 0.706369
537 285 3565 0.797475
537 284 3565 0.832362
537 283 3565 0.862017
537 282 3565 0.890424
537 281 3565 0.916744
537 280 3565 0.940287
536 287 3565 0.695189
536 286 3565 0.753067
536 285 3565 0.804924
537 286 3565 0.762048
539 282 3565 0.840739
539 283 3565 0.802469
539 284 3565 0.762048
542 281 3565 0.773529
542 280 3565 0.802469
541 287 3565 0.529774
541 286 3565 0.584915
541 285 3565 0.640740
541 284 3565 0.695189
541 283 3565 0.746894
541 282 3565 0.794935
541 281 3565 0.816798
541 280 3565 0.840739
540 287 3565 0.584915
540 286 3565 0.631353
540 285 3565 0.679534
540 284 3565 0.727419
540 283 3565 0.773529
540 282 3565 0.816798
540 281 3565 0.856458
540 280 3565 0.876014
539 287 3565 0.631353
539 286 3565 0.679534
539 285 3565 0.720587
549 264 3565 0.750000
549 265 3565 0.746894
549 266 3565 0.724025
549 267 3565 0.706369
552 265 3565 0.555556
552 264 3565 0.555556
559 263 3565 0.000000
559 262 3565 0.000000
559 261 3565 0.000000
559 260 3565 0.108025
559 259 3565 0.108025
559 258 3565 0.108025
559 257 3565 0.000000
552 266 3565 0.542945
559 256 3565 0.000000
558 262 3565 0.108025
558 261 3565 0.108025
558 260 3565 0.150962
558 259 3565 0.209877
558 258 3565 0.150962
558 257 3565 0.108025
558 256 3565 0.000000
557 263 3565 0.150962
557 262 3565 0.209877
558 263 3565 0.108025
557 261 3565 0.209877
552 267 3565 0.508845
552 269 3565 0.478395
555 265 3565 0.305556
555 264 3565 0.305556
554 271 3565 0.305556
554 270 3565 0.305556
554 269 3565 0.305556
554 268 3565 0.320500
554 267 3565 0.360493
554 266 3565 0.395062
554 265 3565 0.395062
552 268 3565 0.486311
554 264 3565 0.395062
553 270 3565 0.395062
553 269 3565 0.395062
553 268 3565 0.405654
553 267 3565 0.435176
553 266 3565 0.478395
553 265 3565 0.478395
553 264 3565 0.478395
552 271 3565 0.478395
552 270 3565 0.478395
553 271 3565 0.395062
555 266 3565 0.305556
557 260 3565 0.233020
557 258 3565 0.233020
554 257 3565 0.320500
554 256 3565 0.233020
553 263 3565 0.486311
553 262 3565 0.508845
553 261 3565 0.542945
553 260 3565 0.561665
553 259 3565 0.508845
553 258 3565 0.435176
553 257 3565 0.360493
554 258 3565 0.405654
553 256 3565 0.289578
552 262 3565 0.579272
552 261 3565 0.606467
552 260 3565 0.606467
552 259 3565 0.542945
552 258 3565 0.478395
552 257 3565 0.405654
552 256 3565 0.320500
558 255 3565 0.000000
557 255 3565 0.000000
552 263 3565 0.561665
557 259 3565 0.289578
554 259 3565 0.478395
554 261 3565 0.478395
557 257 3565 0.150962
557 256 3565 0.108025
556 263 3565 0.233020
556 262 3565 0.289578
556 261 3565 0.305556
556 260 3565 0.320500
556 259 3565 0.360493
556 258 3565 0.289578
556 257 3565 0.233020
554 260 3565 0.486311
556 256 3565 0.150962
555 262 3565 0.360493
555 261 3565 0.395062
555 260 3565 0.405654
555 259 3565 0.415849
555 258 3565 0.360493
555 257 3565 0.289578
555 256 3565 0.209877
554 263 3565 0.405654
554 262 3565 0.435176
555 263 3565 0.320500
555 267 3565 0.289578
555 268 3565 0.233020
555 269 3565 0.209877
557 272 3565 0.000000
556 278 3565 0.000000
556 277 3565 0.000000
556 276 3565 0.000000
556 275 3565 0.000000
556 274 3565 0.108025
556 273 3565 0.108025
556 272 3565 0.108025
555 279 3565 0.000000
557 273 3565 0.000000
555 278 3565 0.000000
555 276 3565 0.108025
555 275 3565 0.108025
555 274 3565 0.150962
555 273 3565 0.209877
555 272 3565 0.209877
554 279 3565 0.108025
554 278 3565 0.108025
554 277 3565 0.150962
554 276 3565 0.209877
555 277 3565 0.108025
554 275 3565 0.209877
557 274 3565 0.000000
557 276 3565 0.000000
560 260 3565 0.000000
560 259 3565 0.000000
560 258 3565 0.000000
560 257 3565 0.000000
555 280 3565 0.000000
554 282 3565 0.000000
554 281 3565 0.000000
554 280 3565 0.000000
553 284 3565 0.000000
557 275 3565 0.000000
553 283 3565 0.000000
553 281 3565 0.108025
553 280 3565 0.108025
552 285 3565 0.000000
552 284 3565 0.000000
552 283 3565 0.108025
552 282 3565 0.108025
552 281 3565 0.150962
552 280 3565 0.209877
558 272 3565 0.000000
553 282 3565 0.000000
554 274 3565 0.233020
554 273 3565 0.289578
554 272 3565 0.305556
558 265 3565 0.000000
558 264 3565 0.000000
557 271 3565 0.000000
557 270 3565 0.000000
557 269 3565 0.000000
557 268 3565 0.108025
557 267 3565 0.108025
557 266 3565 0.108025
557 265 3565 0.108025
558 266 3565 0.000000
557 264 3565 0.108025
556 270 3565 0.108025
556 269 3565 0.108025
556 268 3565 0.150962
556 267 3565 0.209877
556 266 3565 0.209877
556 265 3565 0.209877
556 264 3565 0.209877
555 271 3565 0.209877
555 270 3565 0.209877
556 271 3565 0.108025
558 267 3565 0.000000
558 268 3565 0.000000
558 269 3565 0.000000
553 279 3565 0.150962
553 278 3565 0.209877
553 277 3565 0.233020
553 276 3565 0.289578
553 275 3565 0.305556
553 274 3565 0.320500
553 273 3565 0.360493
553 272 3565 0.395062
552 279 3565 0.233020
552 278 3565 0.289578
552 277 3565 0.320500
552 276 3565 0.360493
552 275 3565 0.395062
552 274 3565 0.405654
552 273 3565 0.435176
552 272 3565 0.478395
559 266 3565 0.000000
559 265 3565 0.000000
559 264 3565 0.000000
558 271 3565 0.000000
558 270 3565 0.000000
557 254 3565 0.000000
540 268 3565 0.995278
556 255 3565 0.108025
556 253 3565 0.000000
549 279 3565 0.478395
549 278 3565 0.508845
549 277 3565 0.542945
549 276 3565 0.579272
549 275 3565 0.606467
549 274 3565 0.631353
549 273 3565 0.645321
549 272 3565 0.667185
548 279 3565 0.542945
550 272 3565 0.606467
548 278 3565 0.579272
548 276 3565 0.640740
548 275 3565 0.667185
548 274 3565 0.695189
548 273 3565 0.706369
548 272 3565 0.724025
547 279 3565 0.606467
547 278 3565 0.640740
547 277 3565 0.667185
547 276 3565 0.695189
548 277 3565 0.606467
547 275 3565 0.724025
550 273 3565 0.579272
550 275 3565 0.542945
544 287 3565 0.405654
544 286 3565 0.478395
544 285 3565 0.529774
544 284 3565 0.579272
544 283 3565 0.606467
544 282 3565 0.640740
544 281 3565 0.679534
544 280 3565 0.720587
551 279 3565 0.320500
550 274 3565 0.561665
551 278 3565 0.360493
551 276 3565 0.435176
551 275 3565 0.478395
551 274 3565 0.486311
551 273 3565 0.508845
551 272 3565 0.542945
550 279 3565 0.405654
550 278 3565 0.435176
550 277 3565 0.478395
550 276 3565 0.508845
551 277 3565 0.405654
545 280 3565 0.679534
547 274 3565 0.746894
547 272 3565 0.776315
551 271 3565 0.555556
551 270 3565 0.555556
551 269 3565 0.555556
551 268 3565 0.561665
551 267 3565 0.579272
551 266 3565 0.606467
551 265 3565 0.626543
551 264 3565 0.626543
550 271 3565 0.626543
544 272 3565 0.902146
550 270 3565 0.626543
550 268 3565 0.631353
550 267 3565 0.645321
550 266 3565 0.667185
550 265 3565 0.691358
550 264 3565 0.691358
549 271 3565 0.691358
549 270 3565 0.691358
549 269 3565 0.691358
549 268 3565 0.695189
550 269 3565 0.626543
547 273 3565 0.762048
544 273 3565 0.891943
544 275 3565 0.856458
546 279 3565 0.667185
546 278 3565 0.695189
546 277 3565 0.724025
546 276 3565 0.746894
546 275 3565 0.773529
546 274 3565 0.794935
546 273 3565 0.812128
546 272 3565 0.823614
545 279 3565 0.720587
544 274 3565 0.876014
545 278 3565 0.746894
545 276 3565 0.794935
545 275 3565 0.816798
545 274 3565 0.838679
545 273 3565 0.856458
545 272 3565 0.865627
544 279 3565 0.762048
544 278 3565 0.794935
544 277 3565 0.816798
544 276 3565 0.838679
545 277 3565 0.773529
545 281 3565 0.631353
545 282 3565 0.584915
545 283 3565 0.542945
547 288 3565 0.150962
546 292 3565 0.000000
546 291 3565 0.000000
546 290 3565 0.108025
546 289 3565 0.150962
546 288 3565 0.233020
545 292 3565 0.000000
545 291 3565 0.000000
545 290 3565 0.108025
547 289 3565 0.108025
545 289 3565 0.209877
544 293 3565 0.000000
544 292 3565 0.000000
544 291 3565 0.108025
544 290 3565 0.150962
544 289 3565 0.233020
544 288 3565 0.320500
551 287 3565 0.000000
551 286 3565 0.000000
551 285 3565 0.000000
545 288 3565 0.289578
551 284 3565 0.108025
547 290 3565 0.000000
548 288 3565 0.108025
555 255 3565 0.108025
555 254 3565 0.000000
555 253 3565 0.000000
554 255 3565 0.150962
554 254 3565 0.108025
554 253 3565 0.000000
554 252 3565 0.000000
553 255 3565 0.209877
553 254 3565 0.108025
547 291 3565 0.000000
553 253 3565 0.000000
552 255 3565 0.233020
552 254 3565 0.150962
552 253 3565 0.108025
552 252 3565 0.000000
550 288 3565 0.000000
549 289 3565 0.000000
549 288 3565 0.000000
548 290 3565 0.000000
548 289 3565 0.000000
553 252 3565 0.000000
551 283 3565 0.150962
551 282 3565 0.209877
551 281 3565 0.233020
547 287 3565 0.233020
547 286 3565 0.289578
547 285 3565 0.320500
547 284 3565 0.360493
547 283 3565 0.415849
547 282 3565 0.478395
547 281 3565 0.529774
547 280 3565 0.579272
546 287 3565 0.289578
548 280 3565 0.508845
546 286 3565 0.360493
546 284 3565 0.435176
546 283 3565 0.478395
546 282 3565 0.529774
546 281 3565 0.584915
546 280 3565 0.631353
545 287 3565 0.360493
545 286 3565 0.415849
545 285 3565 0.478395
545 284 3565 0.508845
546 285 3565 0.405654
548 281 3565 0.478395
548 282 3565 0.415849
548 283 3565 0.360493
551 280 3565 0.289578
550 287 3565 0.000000
550 286 3565 0.000000
550 285 3565 0.108025
550 284 3565 0.150962
550 283 3565 0.233020
550 282 3565 0.289578
550 281 3565 0.320500
550 280 3565 0.360493
549 287 3565 0.108025
549 286 3565 0.108025
549 285 3565 0.150962
549 284 3565 0.233020
549 283 3565 0.289578
549 282 3565 0.360493
549 281 3565 0.405654
549 280 3565 0.435176
548 287 3565 0.150962
548 286 3565 0.209877
548 285 3565 0.233020
548 284 3565 0.289578
556 254 3565 0.000000
560 261 3565 0.000000
540 267 3565 0.985216
540 265 3565 0.948833
525 292 3565 0.000000
525 291 3565 0.108025
525 290 3565 0.150962
525 289 3565 0.209877
525 288 3565 0.233020
524 292 3565 0.000000
524 291 3565 0.000000
524 290 3565 0.108025
524 289 3565 0.108025
526 288 3565 0.320500
524 288 3565 0.150962
523 290 3565 0.000000
523 289 3565 0.000000
523 288 3565 0.108025
522 289 3565 0.000000
522 288 3565 0.000000
521 288 3565 0.000000
527 287 3565 0.435176
527 286 3565 0.478395
527 285 3565 0.529774
523 291 3565 0.000000
527 284 3565 0.561665
526 289 3565 0.289578
526 291 3565 0.108025
532 253 3565 0.108025
532 252 3565 0.000000
531 255 3565 0.150962
531 254 3565 0.108025
531 253 3565 0.000000
531 252 3565 0.000000
530 255 3565 0.108025
530 254 3565 0.000000
530 253 3565 0.000000
526 290 3565 0.209877
529 255 3565 0.000000
528 255 3565 0.000000
527 293 3565 0.000000
527 292 3565 0.108025
527 291 3565 0.150962
527 290 3565 0.233020
527 289 3565 0.320500
527 288 3565 0.405654
526 293 3565 0.000000
526 292 3565 0.000000
529 254 3565 0.000000
532 254 3565 0.150962
527 283 3565 0.579272
527 281 3565 0.631353
524 280 3565 0.435176
523 287 3565 0.150962
523 286 3565 0.209877
523 285 3565 0.209877
523 284 3565 0.233020
523 283 3565 0.289578
523 282 3565 0.305556
523 281 3565 0.320500
523 280 3565 0.360493
524 281 3565 0.405654
522 287 3565 0.108025
522 285 3565 0.108025
522 284 3565 0.150962
522 283 3565 0.209877
522 282 3565 0.209877
522 281 3565 0.233020
522 280 3565 0.289578
521 287 3565 0.000000
521 286 3565 0.000000
521 285 3565 0.000000
522 286 3565 0.108025
527 282 3565 0.606467
524 282 3565 0.395062
524 284 3565 0.320500
527 280 3565 0.645321
526 287 3565 0.360493
526 286 3565 0.415849
526 285 3565 0.478395
526 284 3565 0.486311
526 283 3565 0.508845
526 282 3565 0.542945
526 281 3565 0.561665
526 280 3565 0.579272
524 283 3565 0.360493
525 287 3565 0.289578
525 285 3565 0.395062
525 284 3565 0.405654
525 283 3565 0.435176
525 282 3565 0.478395
525 281 3565 0.486311
525 280 3565 0.508845
524 287 3565 0.233020
524 286 3565 0.289578
524 285 3565 0.305556
525 286 3565 0.360493
521 284 3565 0.108025
532 255 3565 0.233020
533 253 3565 0.108025
535 256 3565 0.395062
534 263 3565 0.762048
534 262 3565 0.720587
534 261 3565 0.679534
534 260 3565 0.631353
534 259 3565 0.584915
534 258 3565 0.529774
534 257 3565 0.478395
534 256 3565 0.395062
535 257 3565 0.478395
533 263 3565 0.727419
533 261 3565 0.631353
533 260 3565 0.584915
533 259 3565 0.529774
533 258 3565 0.478395
533 257 3565 0.415849
533 256 3565 0.360493
532 263 3565 0.695189
532 262 3565 0.640740
532 261 3565 0.584915
533 262 3565 0.679534
532 260 3565 0.529774
535 258 3565 0.555556
535 260 3565 0.679534
530 264 3565 0.640740
529 271 3565 0.802469
529 270 3565 0.794935
529 269 3565 0.776315
529 268 3565 0.762048
529 267 3565 0.720587
529 266 3565 0.679534
529 265 3565 0.631353
529 264 3565 0.584915
535 259 3565 0.626543
528 271 3565 0.750000
528 269 3565 0.724025
528 268 3565 0.706369
528 267 3565 0.679534
528 266 3565 0.631353
528 265 3565 0.584915
528 264 3565 0.529774
535 263 3565 0.797475
535 262 3565 0.762048
535 261 3565 0.720587
528 270 3565 0.746894
533 252 3565 0.000000
532 259 3565 0.478395
532 257 3565 0.360493
529 256 3565 0.108025
528 263 3565 0.478395
528 262 3565 0.435176
528 261 3565 0.405654
528 260 3565 0.360493
528 259 3565 0.289578
528 258 3565 0.209877
528 257 3565 0.108025
528 256 3565 0.000000
529 257 3565 0.150962
535 255 3565 0.305556
535 253 3565 0.108025
535 252 3565 0.000000
535 251 3565 0.000000
534 255 3565 0.305556
534 254 3565 0.209877
534 253 3565 0.108025
534 252 3565 0.000000
533 255 3565 0.289578
533 254 3565 0.209877
535 254 3565 0.209877
532 258 3565 0.415849
529 258 3565 0.233020
529 260 3565 0.405654
532 256 3565 0.289578
531 263 3565 0.667185
531 262 3565 0.606467
531 261 3565 0.542945
531 260 3565 0.478395
531 259 3565 0.415849
531 258 3565 0.360493
531 257 3565 0.289578
531 256 3565 0.233020
529 259 3565 0.320500
530 263 3565 0.606467
530 261 3565 0.508845
530 260 3565 0.435176
530 259 3565 0.360493
530 258 3565 0.289578
530 257 3565 0.233020
530 256 3565 0.150962
529 263 3565 0.542945
529 262 3565 0.508845
529 261 3565 0.478395
530 262 3565 0.579272
521 283 3565 0.108025
521 282 3565 0.108025
521 281 3565 0.150962
521 269 3565 0.209877
521 268 3565 0.209877
521 267 3565 0.150962
521 266 3565 0.108025
521 265 3565 0.108025
521 264 3565 0.108025
520 271 3565 0.108025
520 270 3565 0.108025
520 269 3565 0.108025
521 270 3565 0.209877
520 268 3565 0.108025
520 266 3565 0.000000
520 265 3565 0.000000
520 264 3565 0.000000
527 263 3565 0.415849
527 262 3565 0.360493
527 261 3565 0.320500
527 260 3565 0.289578
527 259 3565 0.233020
527 258 3565 0.150962
520 267 3565 0.108025
527 257 3565 0.108025
521 271 3565 0.209877
522 265 3565 0.209877
524 269 3565 0.478395
524 268 3565 0.435176
524 267 3565 0.405654
524 266 3565 0.395062
524 265 3565 0.360493
524 264 3565 0.289578
523 271 3565 0.395062
523 270 3565 0.395062
523 269 3565 0.395062
522 264 3565 0.150962
523 268 3565 0.360493
523 266 3565 0.305556
523 265 3565 0.289578
523 264 3565 0.233020
522 271 3565 0.305556
522 270 3565 0.305556
522 269 3565 0.305556
522 268 3565 0.289578
522 267 3565 0.233020
522 266 3565 0.209877
523 267 3565 0.320500
524 270 3565 0.478395
527 256 3565 0.000000
526 262 3565 0.289578
522 262 3565 0.000000
522 261 3565 0.000000
521 263 3565 0.000000
521 262 3565 0.000000
520 263 3565 0.000000
519 282 3565 0.000000
519 281 3565 0.000000
519 280 3565 0.000000
519 279 3565 0.000000
522 263 3565 0.108025
519 278 3565 0.000000
519 276 3565 0.000000
519 275 3565 0.000000
519 274 3565 0.000000
519 273 3565 0.000000
519 272 3565 0.000000
519 271 3565 0.000000
519 270 3565 0.000000
519 269 3565 0.000000
519 268 3565 0.000000
519 277 3565 0.000000
526 263 3565 0.360493
523 260 3565 0.000000
523 262 3565 0.108025
526 261 3565 0.233020
526 260 3565 0.209877
526 259 3565 0.150962
526 258 3565 0.108025
526 257 3565 0.000000
526 256 3565 0.000000
525 263 3565 0.289578
525 262 3565 0.233020
525 261 3565 0.150962
523 261 3565 0.000000
525 260 3565 0.108025
525 258 3565 0.000000
525 257 3565 0.000000
524 263 3565 0.233020
524 262 3565 0.150962
524 261 3565 0.108025
524 260 3565 0.000000
524 259 3565 0.000000
524 258 3565 0.000000
523 263 3565 0.150962
525 259 3565 0.108025
524 271 3565 0.478395
525 264 3565 0.360493
525 265 3565 0.415849
525 278 3565 0.555556
525 277 3565 0.555556
525 276 3565 0.555556
525 275 3565 0.555556
525 274 3565 0.555556
525 273 3565 0.555556
525 272 3565 0.555556
524 279 3565 0.478395
524 278 3565 0.478395
525 279 3565 0.542945
524 277 3565 0.478395
524 275 3565 0.478395
524 274 3565 0.478395
524 273 3565 0.478395
524 272 3565 0.478395
523 279 3565 0.395062
523 278 3565 0.395062
523 277 3565 0.395062
523 276 3565 0.395062
523 275 3565 0.395062
524 276 3565 0.478395
523 274 3565 0.395062
526 272 3565 0.626543
526 274 3565 0.626543
521 280 3565 0.209877
520 285 3565 0.000000
520 284 3565 0.000000
520 283 3565 0.000000
520 282 3565 0.000000
520 281 3565 0.108025
520 280 3565 0.108025
527 279 3565 0.667185
527 278 3565 0.691358
526 273 3565 0.626543
527 277 3565 0.691358
527 275 3565 0.691358
527 274 3565 0.691358
527 273 3565 0.691358
527 272 3565 0.691358
526 279 3565 0.606467
526 278 3565 0.626543
526 277 3565 0.626543
526 276 3565 0.626543
526 275 3565 0.626543
527 276 3565 0.691358
523 273 3565 0.395062
523 272 3565 0.395062
522 279 3565 0.305556
527 269 3565 0.667185
527 268 3565 0.645321
527 267 3565 0.631353
527 266 3565 0.584915
527 265 3565 0.529774
527 264 3565 0.478395
526 271 3565 0.626543
526 270 3565 0.626543
526 269 3565 0.606467
527 270 3565 0.691358
526 268 3565 0.579272
526 266 3565 0.529774
526 265 3565 0.478395
526 264 3565 0.415849
525 271 3565 0.555556
525 270 3565 0.555556
525 269 3565 0.542945
525 268 3565 0.508845
525 267 3565 0.486311
525 266 3565 0.478395
526 267 3565 0.561665
527 271 3565 0.691358
520 272 3565 0.108025
520 273 3565 0.108025
522 278 3565 0.305556
522 277 3565 0.305556
522 276 3565 0.305556
522 275 3565 0.305556
522 274 3565 0.305556
522 273 3565 0.305556
522 272 3565 0.305556
521 279 3565 0.209877
521 278 3565 0.209877
521 277 3565 0.209877
521 276 3565 0.209877
521 275 3565 0.209877
521 274 3565 0.209877
521 273 3565 0.209877
521 272 3565 0.209877
520 279 3565 0.108025
520 278 3565 0.108025
520 277 3565 0.108025
520 276 3565 0.108025
520 275 3565 0.108025
520 274 3565 0.108025
530 265 3565 0.679534
530 266 3565 0.720587
530 267 3565 0.762048
530 268 3565 0.797475
540 254 3565 0.360493
540 253 3565 0.289578
540 252 3565 0.209877
540 251 3565 0.108025
540 250 3565 0.000000
540 249 3565 0.000000
539 255 3565 0.405654
539 254 3565 0.320500
539 253 3565 0.233020
540 255 3565 0.435176
539 252 3565 0.150962
539 250 3565 0.000000
538 255 3565 0.395062
538 254 3565 0.305556
538 253 3565 0.209877
538 252 3565 0.108025
538 251 3565 0.000000
538 250 3565 0.000000
537 255 3565 0.360493
537 254 3565 0.289578
539 251 3565 0.108025
537 253 3565 0.209877
541 249 3565 0.000000
541 251 3565 0.150962
543 255 3565 0.542945
543 254 3565 0.478395
543 253 3565 0.405654
543 252 3565 0.320500
543 251 3565 0.233020
543 250 3565 0.150962
543 249 3565 0.108025
543 248 3565 0.000000
542 255 3565 0.508845
541 250 3565 0.108025
542 254 3565 0.435176
542 252 3565 0.289578
542 251 3565 0.209877
542 250 3565 0.108025
542 249 3565 0.000000
542 248 3565 0.000000
541 255 3565 0.478395
541 254 3565 0.405654
541 253 3565 0.320500
541 252 3565 0.233020
542 253 3565 0.360493
536 256 3565 0.405654
537 252 3565 0.108025
536 255 3565 0.320500
533 292 3565 0.289578
533 291 3565 0.360493
533 290 3565 0.435176
533 289 3565 0.508845
533 288 3565 0.579272
532 295 3565 0.000000
532 294 3565 0.108025
532 293 3565 0.150962
532 292 3565 0.233020
533 293 3565 0.209877
532 291 3565 0.320500
532 289 3565 0.486311
532 288 3565 0.561665
531 295 3565 0.000000
531 294 3565 0.000000
531 293 3565 0.108025
531 292 3565 0.209877
531 291 3565 0.305556
531 290 3565 0.395062
531 289 3565 0.478395
532 290 3565 0.405654
537 251 3565 0.000000
533 294 3565 0.108025
534 288 3565 0.606467
536 254 3565 0.233020
536 253 3565 0.150962
536 252 3565 0.108025
536 251 3565 0.000000
535 296 3565 0.000000
535 295 3565 0.000000
535 294 3565 0.108025
535 293 3565 0.209877
535 292 3565 0.305556
533 295 3565 0.000000
535 291 3565 0.395062
535 289 3565 0.555556
535 288 3565 0.626543
534 295 3565 0.000000
534 294 3565 0.108025
534 293 3565 0.209877
534 292 3565 0.305556
534 291 3565 0.395062
534 290 3565 0.478395
534 289 3565 0.542945
535 290 3565 0.478395
536 257 3565 0.486311
536 258 3565 0.561665
536 259 3565 0.631353
537 264 3565 0.890424
536 271 3565 0.990857
536 270 3565 0.982525
536 269 3565 0.972222
536 268 3565 0.960492
536 267 3565 0.940287
536 266 3565 0.916744
536 265 3565 0.890424
536 264 3565 0.862017
537 265 3565 0.914214
543 263 3565 0.922840
543 261 3565 0.856458
543 260 3565 0.816798
543 259 3565 0.773529
543 258 3565 0.724025
543 257 3565 0.667185
543 256 3565 0.606467
542 263 3565 0.911630
542 262 3565 0.877683
542 261 3565 0.838679
543 262 3565 0.891943
542 260 3565 0.794935
537 266 3565 0.936205
537 268 3565 0.972222
540 264 3565 0.922840
539 271 3565 0.999114
539 270 3565 0.999758
539 269 3565 0.997092
539 268 3565 0.990857
539 267 3565 0.981081
539 266 3565 0.963481
539 265 3565 0.940287
539 264 3565 0.911630
537 267 3565 0.955729
538 271 3565 0.999882
538 269 3565 0.992111
538 268 3565 0.982525
538 267 3565 0.969687
538 266 3565 0.954064
538 265 3565 0.933024
538 264 3565 0.902146
537 271 3565 0.997092
537 270 3565 0.992111
537 269 3565 0.985216
538 270 3565 0.998048
542 259 3565 0.746894
542 258 3565 0.695189
542 257 3565 0.640740
538 263 3565 0.865627
538 262 3565 0.823614
538 261 3565 0.776315
538 260 3565 0.724025
538 259 3565 0.667185
538 258 3565 0.606467
538 257 3565 0.542945
538 256 3565 0.478395
537 263 3565 0.856458
539 256 3565 0.486311
537 262 3565 0.812128
537 260 3565 0.706369
537 259 3565 0.645321
537 258 3565 0.579272
537 257 3565 0.508845
537 256 3565 0.435176
536 263 3565 0.832362
536 262 3565 0.797475
536 261 3565 0.753067
536 260 3565 0.695189
537 261 3565 0.762048
539 257 3565 0.561665
539 258 3565 0.631353
539 259 3565 0.695189
542 256 3565 0.579272
541 263 3565 0.902146
541 262 3565 0.865627
541 261 3565 0.823614
541 260 3565 0.776315
541 259 3565 0.724025
541 258 3565 0.667185
541 257 3565 0.606467
541 256 3565 0.542945
540 263 3565 0.891943
540 262 3565 0.856458
540 261 3565 0.812128
540 260 3565 0.762048
540 259 3565 0.706369
540 258 3565 0.645321
540 257 3565 0.579272
540 256 3565 0.508845
539 263 3565 0.877683
539 262 3565 0.838679
539 261 3565 0.794935
539 260 3565 0.746894
531 288 3565 0.542945
540 266 3565 0.969687
530 294 3565 0.000000
530 292 3565 0.209877
531 272 3565 0.888889
530 279 3565 0.823614
530 278 3565 0.838679
530 277 3565 0.848765
530 276 3565 0.848765
530 275 3565 0.848765
530 274 3565 0.848765
530 273 3565 0.848765
530 272 3565 0.848765
531 273 3565 0.888889
529 279 3565 0.776315
529 277 3565 0.802469
529 276 3565 0.802469
529 275 3565 0.802469
529 274 3565 0.802469
529 273 3565 0.802469
529 272 3565 0.802469
528 279 3565 0.724025
528 278 3565 0.746894
528 277 3565 0.750000
529 278 3565 0.794935
528 276 3565 0.750000
531 274 3565 0.888889
531 276 3565 0.888889
534 272 3565 0.972222
533 279 3565 0.933024
533 278 3565 0.940287
533 277 3565 0.948833
533 276 3565 0.950617
533 275 3565 0.950617
533 274 3565 0.950617
533 273 3565 0.950617
533 272 3565 0.950617
531 275 3565 0.888889
532 279 3565 0.902146
532 277 3565 0.922840
532 276 3565 0.922840
532 275 3565 0.922840
532 274 3565 0.922840
532 273 3565 0.922840
532 272 3565 0.922840
531 279 3565 0.865627
531 278 3565 0.877683
531 277 3565 0.888889
532 278 3565 0.911630
534 273 3565 0.972222
528 275 3565 0.750000
528 273 3565 0.750000
533 264 3565 0.773529
532 271 3565 0.922840
532 270 3565 0.911630
532 269 3565 0.890424
532 268 3565 0.862017
532 267 3565 0.832362
532 266 3565 0.802469
532 265 3565 0.773529
532 264 3565 0.746894
533 265 3565 0.816798
531 271 3565 0.888889
531 269 3565 0.862017
531 268 3565 0.832362
531 267 3565 0.797475
531 266 3565 0.762048
531 265 3565 0.727419
531 264 3565 0.695189
530 271 3565 0.848765
530 270 3565 0.838679
530 269 3565 0.823614
531 270 3565 0.877683
528 274 3565 0.750000
533 266 3565 0.840739
533 268 3565 0.890424
528 272 3565 0.750000
535 271 3565 0.981570
535 270 3565 0.969687
535 269 3565 0.955729
535 268 3565 0.940287
535 267 3565 0.924020
535 266 3565 0.896407
535 265 3565 0.865627
535 264 3565 0.832362
533 267 3565 0.865627
534 271 3565 0.969687
534 269 3565 0.936205
534 268 3565 0.916744
534 267 3565 0.896407
534 266 3565 0.876014
534 265 3565 0.840739
534 264 3565 0.802469
533 271 3565 0.948833
533 270 3565 0.936205
533 269 3565 0.914214
534 270 3565 0.954064
534 274 3565 0.972222
534 275 3565 0.972222
534 276 3565 0.972222
535 281 3565 0.940287
535 280 3565 0.963481
534 287 3565 0.667185
534 286 3565 0.724025
534 285 3565 0.776315
534 284 3565 0.823614
534 283 3565 0.865627
534 282 3565 0.902146
534 281 3565 0.933024
535 282 3565 0.911630
534 280 3565 0.948833
533 286 3565 0.706369
533 285 3565 0.762048
533 284 3565 0.812128
533 283 3565 0.856458
533 282 3565 0.891943
533 281 3565 0.911630
533 280 3565 0.922840
532 287 3565 0.631353
532 286 3565 0.695189
533 287 3565 0.645321
532 285 3565 0.746894
535 283 3565 0.877683
535 285 3565 0.794935
530 291 3565 0.289578
530 290 3565 0.360493
530 289 3565 0.435176
530 288 3565 0.508845
529 294 3565 0.000000
529 293 3565 0.108025
529 292 3565 0.150962
529 291 3565 0.233020
529 290 3565 0.320500
535 284 3565 0.838679
529 289 3565 0.405654
528 294 3565 0.000000
528 293 3565 0.000000
528 292 3565 0.108025
528 291 3565 0.209877
528 290 3565 0.289578
528 289 3565 0.360493
528 288 3565 0.435176
535 287 3565 0.691358
535 286 3565 0.746894
529 288 3565 0.478395
532 284 3565 0.794935
532 283 3565 0.838679
532 282 3565 0.865627
529 280 3565 0.762048
528 287 3565 0.508845
528 286 3565 0.542945
528 285 3565 0.584915
528 284 3565 0.631353
528 283 3565 0.645321
528 282 3565 0.667185
528 281 3565 0.695189
528 280 3565 0.706369
529 281 3565 0.746894
535 279 3565 0.976345
535 277 3565 0.985216
535 276 3565 0.987654
535 275 3565 0.987654
535 274 3565 0.987654
535 273 3565 0.987654
535 272 3565 0.987654
534 279 3565 0.958153
534 278 3565 0.963481
534 277 3565 0.969687
535 278 3565 0.981081
529 282 3565 0.724025
529 283 3565 0.706369
529 284 3565 0.679534
532 281 3565 0.877683
532 280 3565 0.891943
531 287 3565 0.606467
531 286 3565 0.667185
531 285 3565 0.724025
531 284 3565 0.773529
531 283 3565 0.802469
531 282 3565 0.823614
531 281 3565 0.838679
531 280 3565 0.856458
530 287 3565 0.579272
530 286 3565 0.640740
530 285 3565 0.695189
530 284 3565 0.727419
530 283 3565 0.762048
530 282 3565 0.776315
530 281 3565 0.794935
530 280 3565 0.812128
529 287 3565 0.542945
529 286 3565 0.606467
529 285 3565 0.640740
530 293 3565 0.108025
560 262 3565 0.000000
