6 7 102 0.000000
7 6 102 0.000000
7 7 102 0.218982
4 9 102 0.000000
4 10 102 0.000000
4 11 102 0.000000
4 12 102 0.000000
4 13 102 0.000000
4 14 102 0.000000
4 15 102 0.000000
5 8 102 0.000000
5 9 102 0.000000
5 10 102 0.218982
5 11 102 0.218982
5 12 102 0.218982
5 13 102 0.218982
5 14 102 0.218982
5 15 102 0.218982
6 8 102 0.000000
6 9 102 0.218982
6 10 102 0.301771
6 11 102 0.410937
6 12 102 0.410937
6 13 102 0.410937
6 14 102 0.410937
6 15 102 0.410937
7 8 102 0.218982
7 9 102 0.301771
7 10 102 0.452308
7 11 102 0.549488
7 12 102 0.575864
7 13 102 0.575864
7 14 102 0.575864
7 15 102 0.549488
4 16 102 0.000000
4 17 102 0.000000
5 16 102 0.218982
5 17 102 0.000000
5 18 102 0.000000
6 16 102 0.301771
6 17 102 0.218982
6 18 102 0.000000
6 19 102 0.000000
6 20 102 0.000000
7 16 102 0.452308
7 17 102 0.301771
7 18 102 0.218982
7 19 102 0.218982
7 20 102 0.000000
8 5 102 0.000000
8 6 102 0.000000
8 7 102 0.218982
9 4 102 0.000000
9 5 102 0.000000
9 6 102 0.218982
9 7 102 0.301771
10 4 102 0.000000
10 5 102 0.218982
10 6 102 0.301771
10 7 102 0.452308
11 4 102 0.000000
11 5 102 0.218982
11 6 102 0.410937
11 7 102 0.549488
12 4 102 0.000000
12 5 102 0.218982
12 6 102 0.410937
12 7 102 0.575864
13 4 102 0.000000
13 5 102 0.218982
13 6 102 0.410937
13 7 102 0.575864
14 4 102 0.000000
14 5 102 0.218982
14 6 102 0.410937
14 7 102 0.575864
15 4 102 0.000000
15 5 102 0.218982
15 6 102 0.410937
15 7 102 0.549488
8 8 102 0.410937
8 9 102 0.452308
8 10 102 0.549488
8 11 102 0.662598
8 12 102 0.713765
8 13 102 0.713765
8 14 102 0.713765
8 15 102 0.662598
9 8 102 0.452308
9 9 102 0.600079
9 10 102 0.662598
9 11 102 0.743151
9 12 102 0.824639
9 13 102 0.824639
9 14 102 0.824639
9 15 102 0.743151
10 8 102 0.549488
10 9 102 0.662598
10 10 102 0.769480
10 11 102 0.824639
10 12 102 0.882759
10 13 102 0.908485
10 14 102 0.882759
10 15 102 0.824639
11 8 102 0.662598
11 9 102 0.743151
11 10 102 0.824639
11 11 102 0.896209
11 12 102 0.934642
11 13 102 0.965305
11 14 102 0.934642
11 15 102 0.896209
12 8 102 0.713765
12 9 102 0.824639
12 10 102 0.882759
12 11 102 0.934642
12 12 102 0.973845
12 13 102 0.991522
12 14 102 0.973845
12 15 102 0.934642
13 8 102 0.713765
13 9 102 0.824639
13 10 102 0.908485
13 11 102 0.965305
13 12 102 0.991522
13 13 102 1.000000
13 14 102 0.991522
13 15 102 0.965305
14 8 102 0.713765
14 9 102 0.824639
14 10 102 0.882759
14 11 102 0.934642
14 12 102 0.973845
14 13 102 0.991522
14 14 102 0.973845
14 15 102 0.934642
15 8 102 0.662598
15 9 102 0.743151
15 10 102 0.824639
15 11 102 0.896209
15 12 102 0.934642
15 13 102 0.965305
15 14 102 0.934642
15 15 102 0.896209
8 16 102 0.549488
8 17 102 0.452308
8 18 102 0.410937
8 19 102 0.218982
8 20 102 0.000000
8 21 102 0.000000
9 16 102 0.662598
9 17 102 0.600079
9 18 102 0.452308
9 19 102 0.301771
9 20 102 0.218982
9 21 102 0.000000
9 22 102 0.000000
10 16 102 0.769480
10 17 102 0.662598
10 18 102 0.549488
10 19 102 0.452308
10 20 102 0.301771
10 21 102 0.218982
10 22 102 0.000000
11 16 102 0.824639
11 17 102 0.743151
11 18 102 0.662598
11 19 102 0.549488
11 20 102 0.410937
11 21 102 0.218982
11 22 102 0.000000
12 16 102 0.882759
12 17 102 0.824639
12 18 102 0.713765
12 19 102 0.575864
12 20 102 0.410937
12 21 102 0.218982
12 22 102 0.000000
13 16 102 0.908485
13 17 102 0.824639
13 18 102 0.713765
13 19 102 0.575864
13 20 102 0.410937
13 21 102 0.218982
13 22 102 0.000000
14 16 102 0.882759
14 17 102 0.824639
14 18 102 0.713765
14 19 102 0.575864
14 20 102 0.410937
14 21 102 0.218982
14 22 102 0.000000
15 16 102 0.824639
15 17 102 0.743151
15 18 102 0.662598
15 19 102 0.549488
15 20 102 0.410937
15 21 102 0.218982
15 22 102 0.000000
16 4 102 0.000000
16 5 102 0.218982
16 6 102 0.301771
16 7 102 0.452308
17 4 102 0.000000
17 5 102 0.000000
17 6 102 0.218982
17 7 102 0.301771
18 5 102 0.000000
18 6 102 0.000000
18 7 102 0.218982
19 6 102 0.000000
19 7 102 0.218982
20 6 102 0.000000
20 7 102 0.000000
16 8 102 0.549488
16 9 102 0.662598
16 10 102 0.769480
16 11 102 0.824639
16 12 102 0.882759
16 13 102 0.908485
16 14 102 0.882759
16 15 102 0.824639
17 8 102 0.452308
17 9 102 0.600079
17 10 102 0.662598
17 11 102 0.743151
17 12 102 0.824639
17 13 102 0.824639
17 14 102 0.824639
17 15 102 0.743151
18 8 102 0.410937
18 9 102 0.452308
18 10 102 0.549488
18 11 102 0.662598
18 12 102 0.713765
18 13 102 0.713765
18 14 102 0.713765
18 15 102 0.662598
19 8 102 0.218982
19 9 102 0.301771
19 10 102 0.452308
19 11 102 0.549488
19 12 102 0.575864
19 13 102 0.575864
19 14 102 0.575864
19 15 102 0.549488
20 8 102 0.000000
20 9 102 0.218982
20 10 102 0.301771
20 11 102 0.410937
20 12 102 0.410937
20 13 102 0.410937
20 14 102 0.410937
20 15 102 0.410937
21 8 102 0.000000
21 9 102 0.000000
21 10 102 0.218982
21 11 102 0.218982
21 12 102 0.218982
21 13 102 0.218982
21 14 102 0.218982
21 15 102 0.218982
22 9 102 0.000000
22 10 102 0.000000
22 11 102 0.000000
22 12 102 0.000000
22 13 102 0.000000
22 14 102 0.000000
22 15 102 0.000000
16 16 102 0.769480
16 17 102 0.662598
16 18 102 0.549488
16 19 102 0.452308
16 20 102 0.301771
16 21 102 0.218982
16 22 102 0.000000
17 16 102 0.662598
17 17 102 0.600079
17 18 102 0.452308
17 19 102 0.301771
17 20 102 0.218982
17 21 102 0.000000
17 22 102 0.000000
18 16 102 0.549488
18 17 102 0.452308
18 18 102 0.410937
18 19 102 0.218982
18 20 102 0.000000
18 21 102 0.000000
19 16 102 0.452308
19 17 102 0.301771
19 18 102 0.218982
19 19 102 0.218982
19 20 102 0.000000
20 16 102 0.301771
20 17 102 0.218982
20 18 102 0.000000
20 19 102 0.000000
20 20 102 0.000000
21 16 102 0.218982
21 17 102 0.000000
21 18 102 0.000000
22 16 102 0.000000
22 17 102 0.000000
